1998.87
1999.47
1996.98
1994.42
2002.76
2001.40
2024.90
2020.27
2040.96
2034.61
2040.61
2052.40
2053.01
2056.12
2035.75
2046.69
2034.39
2048.14
2051.76
2059.58
2030.09
2039.42
2025.17
2013.93
2013.67
2004.04
1984.87
1977.30
1995.48
1963.56
1967.56
2005.64
2010.81
2031.64
2017.24
1993.78
2006.23
2015.98
2022.64
2028.81
2045.77
2044.87
2030.78
2009.36
1986.80
1984.77
1980.41
2000.38
1993.45
1977.97
1967.93
1962.91
1961.15
1975.65
1983.35
1996.89
2001.59
1999.30
2002.28
2011.34
1967.19
1946.14
1953.28
1959.44
1958.96
1946.11
1938.54
1948.92
1946.07
1953.28
1957.32
1944.48
1953.78
1963.89
1970.42
1947.59
1940.56
1910.34
1916.93
1941.15
1919.96
1886.85
1891.32

